               -110.7241731054
         -0.000000330       0.000000008      -0.000000000
          0.000000008      -0.000000362       0.000000000
         -0.000000000       0.000000000      -0.000000037
          12
  1     6       0.000538728      -0.000038412      -0.000000000  C
  2     1       0.000389289       0.000094916      -0.000000000  H
  1     6      -0.000929625      -0.000174258      -0.000000000  C
  2     1       0.000685070       0.000242401      -0.000000000  H
  1     6      -0.000936739       0.000510107      -0.000000000  C
  3    17       0.000021109      -0.000001291      -0.000000000  Cl
  1     6      -0.000298378       0.000948411       0.000000000  C
  2     1       0.000163301      -0.000688611       0.000000000  H
  1     6       0.000240429      -0.000502487       0.000000000  C
  2     1       0.000034439      -0.000434716       0.000000000  H
  1     6      -0.000112739       0.000080966       0.000000000  C
  2     1       0.000243587      -0.000105542       0.000000000  H
