               -110.7241808107
          0.000000097      -0.000000036      -0.000000000
         -0.000000036       0.000000051       0.000000000
         -0.000000000       0.000000000      -0.000000037
          12
  1     6      -0.000042528      -0.000112764      -0.000000000  C
  2     1       0.000017307       0.000048118       0.000000001  H
  1     6      -0.000143119      -0.000010427      -0.000000000  C
  2     1       0.000044256      -0.000037540      -0.000000000  H
  1     6       0.000166870      -0.000157682       0.000000001  C
  3    17       0.000059258      -0.000026262      -0.000000001  Cl
  1     6      -0.000037916       0.000194082      -0.000000000  C
  2     1       0.000037070      -0.000044310       0.000000000  H
  1     6       0.000011364       0.000033439       0.000000000  C
  2     1      -0.000062191      -0.000028025      -0.000000000  H
  1     6      -0.000189950       0.000155551       0.000000001  C
  2     1       0.000121366      -0.000080716       0.000000000  H
